71.24,28.00
52.53,25.00
64.54,27.00
55.69,22.00
54.58,25.00
41.91,10.00
58.64,20.00
52.02,8.00
31.25,34.00
44.31,19.00
49.35,40.00
58.07,45.00
44.22,22.00
55.73,19.00
46.63,43.00
52.97,32.00
46.25,35.00
51.55,27.00
57.05,26.00
58.45,30.00
43.42,23.00
55.68,37.00
55.15,18.00
43.84,22.00
59.26,32.00
37.14,41.00
64.30,29.00
45.75,16.00
45.97,23.00
56.04,39.00
33.64,45.00
41.67,33.00
50.68,39.00
54.22,35.00
56.20,29.00
46.16,41.00
50.22,24.00
49.66,33.00
38.61,37.00
55.28,36.00
57.87,41.00
61.69,12.00
37.41,21.00
53.83,32.00
62.98,22.00
46.97,13.00
58.03,24.00
59.87,36.00
81.34,31.00
48.56,26.00
17.66,23.00
46.01,21.00
45.34,26.00
39.64,31.00
51.22,36.00
36.21,31.00
47.32,55.00
54.87,27.00
58.97,6.00
57.30,42.00
59.94,32.00
61.72,25.00
53.19,23.00
35.13,38.00
48.47,20.00
51.17,43.00
42.14,39.00
54.31,35.00
48.93,32.00
53.51,44.00
51.72,24.00
49.86,10.00
49.20,41.00
60.20,39.00
54.06,20.00
72.91,30.00
61.92,40.00
44.20,24.00
60.75,39.00
68.36,37.00
56.39,20.00
38.19,15.00
66.19,27.00
58.20,17.00
47.55,22.00
37.62,16.00
17.81,26.00
31.25,29.00
61.00,41.00
40.98,33.00
53.69,24.00
51.46,9.00
64.57,29.00
53.79,23.00
64.28,34.00
38.41,24.00
58.89,42.00
44.17,33.00
50.41,43.00
63.63,28.00
45.78,24.00
55.61,20.00
67.23,5.00
49.69,38.00
54.60,30.00
40.94,59.00
43.84,36.00
56.36,19.00
69.53,23.00
51.48,19.00
52.93,41.00
55.52,8.00
52.14,23.00
62.86,21.00
37.53,33.00
63.47,25.00
62.11,33.00
43.52,25.00
47.97,27.00
42.27,37.00
56.05,30.00
62.08,37.00
35.25,53.00
39.81,25.00
60.27,33.00
53.41,22.00
56.28,27.00
53.31,25.00
55.24,30.00
44.97,29.00
40.30,43.00
47.18,42.00
46.40,34.00
35.11,15.00
54.33,38.00
54.59,64.00
61.67,50.00
52.39,19.00
52.37,6.00
40.84,25.00
27.42,27.00
44.79,31.00
59.84,37.00
36.00,45.00
47.64,10.00
51.85,37.00
59.73,15.00
42.96,37.00
51.84,27.00
59.62,23.00
58.82,30.00
50.93,30.00
41.35,23.00
24.58,45.00
57.74,22.00
38.14,33.00
51.82,20.00
41.37,17.00
55.01,24.00
64.56,53.00
46.09,35.00
57.81,20.00
46.31,23.00
66.62,37.00
42.89,17.00
40.82,23.00
50.55,41.00
40.43,40.00
53.36,25.00
44.83,27.00
35.87,35.00
46.95,23.00
47.75,20.00
57.12,26.00
38.03,43.00
54.31,45.00
50.29,39.00
33.60,24.00
45.13,44.00
31.68,31.00
72.36,4.00
48.43,55.00
44.48,36.00
56.54,20.00
54.11,50.00
49.51,29.00
50.66,36.00
61.82,23.00
50.45,15.00
67.70,43.00
41.61,12.00
39.63,31.00
36.08,31.00
45.18,27.00
49.33,28.00
48.66,45.00
53.81,25.00
35.57,44.00
48.83,39.00
69.14,40.00
60.75,59.00
52.01,39.00
47.88,45.00
40.30,30.00
48.52,30.00
55.06,37.00
48.45,28.00
58.65,40.00
69.29,21.00
51.70,21.00
69.95,18.00
53.04,37.00
47.97,27.00
64.01,26.00
61.76,23.00
49.98,28.00
81.96,27.00
56.56,25.00
51.69,30.00
54.83,40.00
54.97,39.00
44.07,27.00
45.95,40.00
42.24,22.00
43.52,49.00
51.33,31.00
56.68,55.00
51.06,24.00
41.95,28.00
53.56,27.00
47.86,45.00
43.74,34.00
41.22,39.00
45.82,42.00
44.74,25.00
53.88,30.00
44.40,29.00
59.01,35.00
53.27,19.00
45.62,25.00
53.16,53.00
50.91,51.00
33.53,42.00
46.92,33.00
59.24,35.00
48.37,32.00
50.26,21.00
38.14,30.00
63.42,26.00
57.46,14.00
63.79,33.00
58.13,30.00
56.35,41.00
52.95,3.00
55.65,27.00
29.44,34.00
49.58,39.00
31.30,33.00
43.48,29.00
48.94,34.00
43.93,32.00
53.83,36.00
53.69,21.00
60.33,8.00
40.97,42.00
49.29,21.00
56.06,34.00
66.16,32.00
32.61,23.00
37.37,25.00
46.04,38.00
57.17,33.00
41.06,31.00
47.21,36.00
55.74,44.00
56.34,25.00
61.53,11.00
61.40,38.00
59.03,29.00
26.76,22.00
48.24,34.00
50.84,33.00
64.25,28.00
23.06,15.00
47.25,23.00
59.19,33.00
32.71,17.00
48.87,25.00
58.68,24.00
51.16,25.00
49.48,34.00
16.05,36.00
53.49,51.00
57.19,19.00
49.38,37.00
38.82,16.00
49.88,37.00
48.81,30.00
58.86,42.00
45.22,39.00
49.25,25.00
71.53,49.00
49.41,38.00
63.19,21.00
48.68,22.00
50.11,34.00
43.56,24.00
49.36,23.00
23.03,21.00
36.14,30.00
37.48,26.00
46.35,35.00
41.54,27.00
66.05,36.00
47.09,27.00
33.84,35.00
41.45,37.00
56.09,9.00
54.66,34.00
53.23,47.00
53.51,33.00
48.56,37.00
35.91,30.00
58.04,28.00
37.16,19.00
42.45,16.00
62.65,41.00
51.42,35.00
46.31,22.00
51.36,33.00
63.62,41.00
56.54,39.00
48.58,36.00
30.37,37.00
51.75,37.00
61.68,24.00
56.54,33.00
41.22,13.00
46.08,35.00
53.21,39.00
57.95,21.00
53.40,45.00
50.32,40.00
62.06,37.00
32.90,36.00
43.48,15.00
47.76,25.00
41.61,4.00
28.72,37.00
53.37,40.00
37.81,34.00
48.70,46.00
53.23,40.00
43.47,33.00
64.55,30.00
59.34,38.00
29.92,49.00
45.67,39.00
44.99,36.00
51.07,13.00
57.87,38.00
57.90,34.00
45.41,32.00
66.97,33.00
49.37,40.00
49.54,21.00
51.73,61.00
29.68,30.00
66.12,38.00
52.68,30.00
50.32,46.00
63.20,40.00
45.12,25.00
38.69,22.00
50.77,32.00
48.00,23.00
55.36,47.00
53.11,48.00
38.51,28.00
38.96,21.00
27.40,30.00
34.95,35.00
68.86,31.00
60.40,28.00
37.33,38.00
59.63,24.00
33.92,43.00
43.98,6.00
53.74,31.00
45.51,33.00
55.09,19.00
68.87,18.00
58.44,19.00
43.75,19.00
47.07,33.00
47.89,28.00
53.30,41.00
57.02,37.00
43.44,31.00
38.49,21.00
61.08,24.00
62.52,41.00
60.04,34.00
53.63,20.00
44.96,46.00
43.37,50.00
31.88,30.00
41.01,37.00
53.72,13.00
48.05,18.00
63.38,41.00
55.92,22.00
51.54,22.00
39.27,34.00
59.22,14.00
57.77,14.00
60.84,9.00
63.59,21.00
53.12,30.00
58.89,9.00
61.69,36.00
49.56,24.00
45.44,29.00
50.28,21.00
47.42,35.00
45.80,28.00
38.07,23.00
44.13,24.00
51.91,59.00
51.70,36.00
39.66,19.00
49.73,26.00
52.86,24.00
55.81,29.00
42.86,24.00
52.31,25.00
62.35,28.00
32.90,16.00
48.51,23.00
45.33,12.00
49.09,12.00
37.89,14.00
67.15,17.00
48.01,32.00
45.44,28.00
52.54,22.00
59.23,40.00
31.85,37.00
49.40,54.00
51.11,25.00
64.34,47.00
58.32,42.00
46.99,13.00
65.75,34.00
62.34,12.00
51.33,38.00
50.00,27.00
63.06,27.00
64.66,24.00
54.99,36.00
40.95,35.00
52.29,40.00
40.47,30.00
59.56,42.00
58.00,46.00
55.12,34.00
59.21,26.00
65.54,39.00
55.64,24.00
62.40,40.00
51.01,22.00
48.83,24.00
57.58,35.00
47.21,34.00
49.26,26.00
59.51,30.00
46.12,33.00
51.70,37.00
85.36,17.00
40.04,35.00
34.77,5.00
45.10,4.00
56.00,8.00
38.14,5.00
53.39,5.00
50.55,7.00
48.80,6.00
55.99,3.00
48.37,4.00
55.19,6.00
51.51,5.00
43.29,9.00
44.96,7.00
43.45,5.00
48.92,8.00
52.90,6.00
50.99,5.00
45.08,5.00
53.36,2.00
53.27,4.00
51.93,6.00
64.96,6.00
49.22,5.00
59.82,7.00
45.24,4.00
60.40,7.00
35.14,5.00
43.86,6.00
57.49,6.00
47.98,7.00
48.33,7.00
52.42,3.00
40.59,6.00
42.54,3.00
39.43,6.00
67.04,4.00
32.58,5.00
41.75,9.00
55.95,4.00
49.61,4.00
43.04,8.00
33.50,5.00
47.25,6.00
47.47,7.00
29.47,8.00
52.55,2.00
52.60,3.00
58.98,6.00
44.94,4.00
59.72,7.00
57.38,5.00
46.76,6.00
35.58,5.00
42.55,10.00
46.44,5.00
29.66,1.00
30.77,8.00
65.73,8.00
73.50,6.00
41.94,3.00
38.20,6.00
49.47,4.00
42.90,6.00
44.02,4.00
74.03,6.00
41.73,7.00
63.60,4.00
59.71,4.00
51.75,4.00
49.68,5.00
43.60,1.00
60.76,6.00
44.84,2.00
53.99,4.00
46.74,4.00
48.99,7.00
56.28,4.00
49.19,3.00
51.30,5.00
62.30,6.00
64.50,5.00
43.31,3.00
50.87,4.00
33.18,1.00
60.07,2.00
47.48,2.00
38.98,5.00
61.65,4.00
60.52,9.00
50.87,4.00
40.61,4.00
61.48,3.00
50.18,6.00
50.89,10.00
51.97,4.00
52.07,5.00
31.06,3.00
52.44,6.00
35.84,9.00
52.66,7.00
50.39,4.00
54.05,1.00
25.78,3.00
51.53,8.00
36.51,7.00
48.20,6.00
47.23,5.00
60.59,6.00
59.46,8.00
54.70,4.00
45.16,4.00
44.92,3.00
53.44,5.00
32.54,9.00
44.51,5.00
62.26,6.00
39.05,3.00
37.68,4.00
42.33,10.00
66.06,4.00
32.94,7.00
39.67,4.00
63.08,9.00
73.78,4.00
45.24,5.00
59.71,9.00
39.79,6.00
35.93,6.00
49.10,5.00
50.22,8.00
68.63,8.00
62.03,6.00
55.64,7.00
55.40,8.00
52.28,8.00
39.84,1.00
35.52,5.00
48.79,3.00
70.70,2.00
61.92,4.00
59.86,4.00
68.37,5.00
47.65,4.00
46.70,0.00
31.24,1.00
49.47,10.00
50.58,8.00
38.61,6.00
42.83,6.00
59.72,7.00
50.21,2.00
38.04,7.00
66.87,6.00
31.07,3.00
57.66,6.00
50.89,5.00
35.99,5.00
62.20,4.00
56.52,2.00
63.05,1.00
46.99,3.00
30.45,2.00
58.23,6.00
37.05,5.00
31.14,4.00
28.91,4.00
58.82,4.00
34.34,3.00
32.49,3.00
57.76,3.00
73.89,4.00
38.40,8.00
44.13,5.00
42.26,6.00
45.89,7.00
62.56,8.00
53.54,6.00
55.40,4.00
48.81,3.00
51.01,7.00
36.88,7.00
56.42,6.00
39.94,4.00
38.70,8.00
47.39,6.00
64.67,3.00
67.47,5.00
49.39,6.00
43.10,6.00
34.03,5.00
32.72,0.00
60.65,5.00
57.26,6.00
55.10,4.00
61.06,4.00
38.91,4.00
51.35,3.00
56.87,6.00
50.20,5.00
55.34,6.00
47.95,3.00
47.47,6.00
35.44,6.00
31.45,8.00
28.16,3.00
68.57,6.00
41.50,5.00
53.75,8.00
37.47,5.00
55.63,4.00
50.45,7.00
51.61,3.00
38.08,7.00
37.26,5.00
33.01,4.00
45.87,6.00
45.45,4.00
53.15,8.00
54.58,5.00
53.08,2.00
43.09,4.00
34.46,4.00
52.19,4.00
55.54,5.00
51.45,5.00
62.70,1.00
50.18,8.00
53.44,6.00
53.42,4.00
54.52,4.00
50.89,6.00
64.49,9.00
51.92,8.00
57.49,6.00
42.97,1.00
43.27,4.00
44.69,6.00
54.16,3.00
50.07,4.00
48.42,5.00
42.59,6.00
50.69,4.00
62.86,3.00
51.78,2.00
47.89,3.00
38.05,1.00
54.09,4.00
38.88,4.00
58.00,5.00
42.04,5.00
35.44,2.00
43.73,8.00
65.70,5.00
43.30,5.00
54.89,3.00
54.69,6.00
46.22,6.00
47.70,5.00
39.19,8.00
57.11,3.00
47.65,7.00
38.13,2.00
33.77,4.00
54.62,6.00
51.86,4.00
56.75,6.00
50.98,4.00
46.99,6.00
52.30,4.00
47.64,5.00
28.82,9.00
53.48,2.00
45.16,6.00
56.73,4.00
71.55,4.00
32.10,2.00
41.81,3.00
52.98,3.00
43.82,3.00
40.81,3.00
46.33,8.00
37.48,6.00
42.87,4.00
54.26,5.00
46.69,6.00
48.46,6.00
56.82,8.00
48.73,4.00
38.76,4.00
38.23,2.00
54.06,6.00
42.25,9.00
35.22,3.00
43.64,5.00
45.70,5.00
45.41,6.00
70.97,4.00
36.19,4.00
56.54,3.00
44.52,1.00
42.87,6.00
33.86,5.00
65.17,10.00
42.75,4.00
42.59,6.00
45.15,3.00
49.70,3.00
55.39,2.00
32.12,6.00
60.07,6.00
62.34,3.00
75.84,3.00
49.46,8.00
58.15,7.00
49.10,9.00
45.97,4.00
37.10,6.00
55.74,6.00
42.81,6.00
53.28,5.00
43.15,3.00
54.53,4.00
69.29,4.00
42.99,4.00
66.21,4.00
50.94,5.00
53.75,6.00
45.17,5.00
44.64,7.00
39.62,7.00
54.55,7.00
53.05,4.00
54.35,1.00
48.64,6.00
49.34,5.00
46.83,2.00
31.81,4.00
34.46,3.00
27.30,5.00
53.95,3.00
46.57,6.00
33.36,6.00
36.42,7.00
65.73,5.00
49.90,5.00
56.31,3.00
33.04,3.00
48.62,10.00
47.42,5.00
68.57,4.00
45.07,4.00
56.07,7.00
47.01,6.00
51.53,6.00
51.81,7.00
66.83,6.00
50.79,4.00
46.33,2.00
30.52,11.00
41.67,1.00
53.38,7.00
60.45,6.00
41.56,3.00
28.94,4.00
43.50,8.00
56.31,6.00
67.77,4.00
41.93,2.00
71.73,5.00
57.04,0.00
38.44,7.00
55.64,5.00
57.39,2.00
60.07,3.00
46.69,2.00
46.59,3.00
55.64,3.00
46.09,4.00
46.25,2.00
61.75,8.00
66.17,4.00
58.07,6.00
56.07,4.00
49.81,6.00
49.75,5.00
35.17,9.00
55.71,5.00
49.71,4.00
48.97,3.00
61.79,5.00
42.77,7.00
47.63,8.00
67.19,4.00
52.03,3.00
55.64,5.00
44.09,5.00
49.52,7.00
49.78,4.00
39.56,5.00
50.54,8.00
39.46,9.00
41.69,5.00
48.03,8.00
37.91,5.00
40.81,4.00
58.10,2.00
49.63,5.00
59.36,7.00
37.14,6.00
49.41,6.00
57.34,2.00
46.58,7.00
42.21,6.00
41.14,2.00
37.63,3.00
60.88,5.00
64.56,3.00
58.97,6.00
51.20,6.00
52.84,3.00
22.36,5.00
60.75,2.00
60.38,4.00
64.18,1.00
71.11,6.00
31.35,3.00
52.38,4.00
54.01,4.00
51.31,5.00
65.89,3.00
51.92,7.00
57.51,5.00
48.94,3.00
34.86,6.00
42.96,3.00
38.96,4.00
41.74,8.00
66.37,5.00
31.92,4.00
52.07,6.00
55.77,5.00
59.03,4.00
49.53,7.00
56.58,7.00
33.62,7.00
70.55,6.00
63.68,2.00
61.78,9.00
39.21,8.00
37.13,5.00
57.08,6.00
24.90,8.00
55.34,5.00
43.47,7.00
73.80,6.00
58.36,10.00
52.88,4.00
44.65,6.00
46.85,5.00
55.20,7.00
58.28,0.00
67.36,6.00
50.38,5.00
56.21,1.00
47.79,6.00
63.18,5.00
57.18,5.00
58.44,6.00
60.40,6.00
43.94,4.00
53.34,3.00
42.96,3.00
46.07,3.00
52.09,9.00
57.35,5.00
72.05,7.00
55.19,4.00
33.32,4.00
51.53,4.00
52.11,5.00
46.24,7.00
51.59,6.00
63.62,6.00
59.02,5.00
53.71,6.00
60.37,6.00
56.00,9.00
58.05,5.00
50.86,6.00
39.44,8.00
44.61,8.00
54.20,10.00
36.76,5.00
74.83,4.00
46.57,6.00
50.74,4.00
46.85,4.00
52.01,4.00
63.96,6.00
68.24,2.00
43.22,7.00
51.73,6.00
44.04,5.00
53.66,6.00
54.99,4.00
59.09,5.00
64.15,6.00
28.36,7.00
57.13,4.00
54.29,9.00
70.87,7.00
46.55,5.00
64.77,5.00
48.84,5.00
51.37,2.00
75.54,7.00
44.68,7.00
46.59,4.00
46.66,8.00
50.36,3.00
51.39,4.00
53.95,2.00
57.78,7.00
45.77,4.00
44.64,6.00
42.60,2.00
63.59,3.00
53.75,6.00
55.88,3.00
31.35,7.00
42.20,5.00
50.10,7.00
40.18,4.00
43.80,3.00
41.84,7.00
57.03,4.00
70.83,5.00
54.96,3.00
72.80,1.00
45.58,5.00
61.79,3.00
39.81,4.00
60.90,3.00
53.76,9.00
55.85,5.00
63.36,6.00
63.15,6.00
58.98,6.00
44.21,5.00
42.09,2.00
39.78,5.00
70.77,5.00
54.82,3.00
54.07,5.00
56.74,7.00
42.78,5.00
22.27,7.00
43.07,4.00
43.50,4.00
58.48,8.00
40.40,6.00
54.84,5.00
51.83,6.00
53.08,2.00
51.08,7.00
63.84,1.00
40.95,6.00
48.07,4.00
63.67,7.00
56.59,2.00
39.37,5.00
46.70,6.00
50.53,6.00
54.02,4.00
47.21,4.00
48.05,9.00
52.01,7.00
65.61,4.00
58.38,5.00
51.45,5.00
51.74,3.00
54.57,3.00
53.41,8.00
46.40,5.00
39.22,3.00
56.13,5.00
48.63,7.00
40.75,4.00
50.55,5.00
45.64,3.00
59.35,4.00
50.47,1.00
36.82,3.00
46.86,4.00
43.53,2.00
48.16,6.00
48.21,2.00
59.44,7.00
42.90,6.00
57.77,2.00
46.41,5.00
40.59,9.00
44.24,4.00
60.70,1.00
52.50,3.00
56.38,10.00
45.20,6.00
48.46,6.00
48.50,6.00
45.83,2.00
54.89,4.00
38.09,2.00
52.25,5.00
48.21,8.00
50.43,7.00
50.07,2.00
48.47,9.00
66.46,6.00
40.46,5.00
15.52,3.00
62.54,4.00
39.57,6.00
47.88,7.00
27.50,3.00
45.97,7.00
42.01,4.00
62.54,4.00
46.36,3.00
47.58,10.00
51.68,4.00
71.04,4.00
55.43,4.00
36.37,2.00
52.40,3.00
36.89,6.00
54.39,7.00
54.56,5.00
60.76,5.00
30.32,3.00
58.49,6.00
59.55,8.00
30.84,7.00
44.06,1.00
37.52,6.00
64.31,5.00
50.05,4.00
54.52,6.00
56.53,5.00
59.16,8.00
56.49,6.00
33.68,4.00
54.42,7.00
47.62,5.00
52.44,7.00
55.47,7.00
41.38,8.00
60.32,3.00
42.71,5.00
41.83,8.00
48.98,4.00
57.87,5.00
41.84,4.00
55.12,6.00
38.50,1.00
37.73,4.00
36.91,3.00
37.50,6.00
60.28,2.00
45.51,6.00
51.59,4.00
49.46,6.00
57.05,4.00
41.16,2.00
55.64,5.00
56.91,3.00
57.02,7.00
60.17,5.00
45.68,3.00
68.44,6.00
58.77,5.00
51.97,2.00
58.28,5.00
50.39,5.00
23.90,6.00
36.91,6.00
48.86,4.00
70.21,6.00
61.06,3.00
49.54,9.00
47.36,7.00
54.75,5.00
62.01,4.00
56.41,3.00
32.09,2.00
42.75,7.00
73.66,5.00
54.27,5.00
42.71,7.00
46.62,3.00
45.74,4.00
53.28,5.00
41.83,5.00
48.76,4.00
47.89,4.00
49.28,2.00
56.76,6.00
42.92,6.00
44.74,8.00
51.19,5.00
41.78,5.00
47.95,9.00
58.91,6.00
52.60,7.00
53.59,2.00
48.09,6.00
39.06,1.00
57.59,4.00
44.44,3.00
59.68,4.00
57.78,4.00
27.86,8.00
48.62,9.00
54.09,5.00
39.30,2.00
38.32,5.00
43.68,1.00
53.08,5.00
55.26,5.00
51.24,2.00
50.03,3.00
49.38,3.00
68.26,5.00
44.97,8.00
43.36,3.00
42.00,8.00
56.86,6.00
36.67,7.00
34.28,2.00
57.20,5.00
61.23,7.00
41.21,5.00
43.36,4.00
43.16,6.00
55.70,5.00
46.44,5.00
55.43,3.00
55.96,8.00
60.51,2.00
55.29,6.00
64.11,5.00
47.18,7.00
49.05,5.00
41.91,5.00
39.94,6.00
52.03,5.00
47.60,4.00
57.05,9.00
57.45,5.00
29.65,3.00
44.09,4.00
61.38,9.00
39.04,4.00
48.86,10.00
42.99,8.00
53.51,8.00
63.68,6.00
35.51,7.00
38.84,4.00
52.64,6.00
65.57,6.00
47.85,7.00
57.64,4.00
62.54,7.00
52.20,7.00
35.54,7.00
41.49,6.00
49.31,6.00
33.90,6.00
41.13,4.00
57.57,1.00
40.22,6.00
39.79,4.00
56.45,4.00
51.20,3.00
54.34,6.00
75.52,0.00
37.02,2.00
57.63,8.00
37.91,7.00
36.49,5.00
44.97,9.00
49.35,10.00
53.00,4.00
56.63,5.00
66.45,4.00
41.42,7.00
59.14,8.00
36.80,4.00
55.03,2.00
51.24,5.00
45.52,4.00
50.75,5.00
73.97,3.00
40.05,5.00
49.55,3.00
60.58,3.00
36.12,4.00
43.70,7.00
77.82,9.00
42.41,7.00
46.46,6.00
42.52,5.00
48.96,6.00
41.59,3.00
58.07,5.00
49.89,9.00
71.42,3.00
48.29,5.00
47.24,3.00
42.00,5.00
52.11,8.00
54.97,5.00
58.11,9.00
72.99,4.00
58.53,2.00
56.08,4.00
33.77,3.00
39.31,3.00
33.46,8.00
48.75,8.00
64.69,5.00
38.47,2.00
47.13,3.00
50.73,9.00
34.40,2.00
33.48,5.00
45.90,7.00
49.23,3.00
51.51,6.00
49.18,5.00
57.78,5.00
28.74,5.00
45.15,5.00
50.93,7.00
61.99,5.00
47.90,3.00
65.76,4.00
56.57,8.00
48.53,4.00
53.39,7.00
43.86,8.00
58.52,6.00
66.75,7.00
68.18,5.00
62.89,5.00
55.64,4.00
53.12,6.00
57.40,9.00
35.52,6.00
40.00,3.00
58.50,5.00
27.59,7.00
45.90,6.00
62.47,7.00
38.70,5.00
53.45,4.00
56.48,3.00
58.94,5.00
58.46,8.00
58.46,5.00
57.82,1.00
46.11,4.00
57.25,6.00
35.04,5.00
38.49,7.00
62.91,4.00
51.77,5.00
34.74,8.00
48.67,3.00
72.61,4.00
41.20,3.00
45.08,4.00
54.41,7.00
36.24,2.00
43.29,4.00
35.70,2.00
49.07,7.00
53.42,7.00
66.52,2.00
54.80,8.00
51.22,4.00
40.14,1.00
45.01,7.00
67.27,3.00
55.42,6.00
45.00,7.00
63.99,5.00
50.13,7.00
41.71,8.00
64.48,3.00
52.58,7.00
50.79,5.00
60.41,8.00
44.97,6.00
43.83,3.00
41.84,7.00
60.82,5.00
46.26,7.00
44.70,4.00
42.04,3.00
38.93,1.00
57.13,5.00
37.52,1.00
59.66,3.00
49.60,4.00
40.66,7.00
48.05,7.00
55.67,3.00
43.35,3.00
46.51,6.00
70.91,7.00
44.03,7.00
35.20,6.00
43.30,5.00
44.78,6.00
52.82,5.00
37.21,5.00
42.70,6.00
33.32,8.00
58.67,6.00
58.13,7.00
47.11,6.00
45.39,6.00
39.61,6.00
63.94,4.00
45.15,3.00
59.59,6.00
64.19,4.00
45.63,7.00
47.64,3.00
63.75,8.00
54.16,5.00
66.42,4.00
45.96,4.00
37.21,6.00
70.05,7.00
54.32,3.00
49.09,5.00
47.47,7.00
56.14,6.00
47.57,5.00
55.15,9.00
52.99,9.00
68.57,4.00
35.46,5.00
27.32,6.00
44.74,2.00
46.55,5.00
36.59,7.00
45.58,0.00
68.64,9.00
36.22,5.00
43.94,6.00
39.21,5.00
32.36,5.00
70.25,6.00
51.06,7.00
46.92,6.00
44.49,7.00
62.01,2.00
32.33,7.00
54.26,3.00
52.53,6.00
50.69,8.00
53.79,5.00
36.19,2.00
42.01,4.00
31.12,5.00
56.16,6.00
62.38,2.00
52.32,6.00
34.81,3.00
42.03,4.00
43.61,8.00
63.20,7.00
41.61,4.00
33.45,5.00
39.06,8.00
53.51,1.00
19.62,3.00
41.26,7.00
51.31,3.00
32.51,2.00
53.18,7.00
51.24,5.00
48.97,4.00
68.70,3.00
74.14,5.00
38.76,6.00
46.39,6.00
56.55,2.00
50.93,10.00
44.51,1.00
76.31,4.00
59.02,3.00
45.85,6.00
59.98,6.00
44.15,5.00
56.09,11.00
41.52,5.00
71.33,4.00
66.13,4.00
38.77,5.00
48.50,7.00
43.65,5.00
52.81,10.00
57.35,7.00
57.27,4.00
58.51,6.00
48.44,7.00
45.99,3.00
62.48,8.00
53.07,1.00
43.96,5.00
55.07,6.00
34.54,2.00
50.82,6.00
55.45,8.00
50.43,7.00
59.81,8.00
48.09,3.00
64.81,8.00
48.74,7.00
53.44,1.00
52.31,3.00
38.29,6.00
47.79,9.00
71.67,7.00
37.41,5.00
52.13,7.00
63.03,2.00
52.10,2.00
47.39,5.00
42.57,5.00
76.89,5.00
52.59,6.00
56.08,8.00
38.66,1.00
45.23,5.00
52.85,5.00
56.87,6.00
36.66,4.00
48.88,2.00
60.99,4.00
48.69,6.00
36.84,6.00
36.08,5.00
49.37,3.00
51.82,5.00
42.53,4.00
44.13,6.00
53.27,6.00
54.33,6.00
65.01,6.00
51.46,4.00
56.07,6.00
53.48,5.00
71.54,1.00
44.69,3.00
36.53,6.00
50.75,4.00
57.83,7.00
47.41,3.00
52.98,6.00
46.99,6.00
66.27,5.00
33.42,9.00
61.98,4.00
34.11,1.00
52.42,7.00
57.05,5.00
54.73,5.00
64.47,2.00
31.38,7.00
68.87,5.00
57.61,5.00
57.65,8.00
58.08,4.00
51.31,6.00
66.32,6.00
51.75,5.00
51.75,6.00
34.26,5.00
48.79,6.00
23.46,2.00
61.32,4.00
44.18,5.00
38.98,7.00
41.52,8.00
64.71,5.00
55.04,4.00
41.94,3.00
46.88,6.00
73.97,3.00
35.55,5.00
51.54,9.00
53.32,4.00
63.86,2.00
33.69,8.00
47.34,6.00
35.38,4.00
61.31,4.00
55.71,1.00
58.87,3.00
43.30,5.00
36.19,8.00
47.62,5.00
39.87,5.00
51.76,9.00
46.82,5.00
59.73,8.00
60.88,7.00
55.99,4.00
46.93,3.00
62.48,2.00
59.47,5.00
49.09,5.00
42.49,5.00
36.63,5.00
57.03,6.00
40.71,6.00
42.10,6.00
53.80,3.00
53.50,2.00
37.27,6.00
44.17,6.00
39.32,5.00
48.39,6.00
57.14,5.00
47.26,3.00
38.03,5.00
31.36,5.00
68.26,6.00
54.23,2.00
52.52,1.00
52.19,3.00
78.26,4.00
78.56,4.00
58.48,5.00
47.36,7.00
50.25,6.00
76.26,2.00
34.12,4.00
49.99,7.00
60.89,6.00
51.83,6.00
40.40,2.00
64.86,8.00
51.32,3.00
55.83,4.00
61.88,2.00
45.35,4.00
55.70,1.00
40.17,2.00
61.46,7.00
41.67,4.00
44.85,3.00
53.25,8.00
41.92,5.00
63.38,4.00
55.52,8.00
59.16,7.00
62.14,6.00
33.40,9.00
41.01,3.00
39.59,3.00
48.31,6.00
47.96,4.00
40.43,5.00
50.35,4.00
46.08,3.00
48.83,5.00
50.29,4.00
56.23,4.00
36.93,4.00
51.13,8.00
45.21,3.00
47.56,8.00
49.50,9.00
41.22,8.00
65.02,3.00
61.22,9.00
39.60,7.00
59.64,6.00
50.75,8.00
55.84,3.00
51.12,6.00
54.09,6.00
45.71,7.00
64.43,5.00
51.49,2.00
42.73,5.00
55.28,2.00
46.47,7.00
65.79,3.00
42.04,5.00
52.88,5.00
51.86,2.00
42.75,4.00
41.34,3.00
37.14,6.00
51.39,9.00
41.93,4.00
64.54,7.00
50.24,8.00
43.43,10.00
26.87,3.00
55.75,3.00
51.23,5.00
45.60,4.00
53.04,9.00
74.20,3.00
68.53,3.00
61.21,1.00
51.91,2.00
39.73,7.00
63.49,4.00
41.37,1.00
58.09,6.00
41.10,4.00
29.32,6.00
53.43,5.00
42.54,5.00
48.38,6.00
53.68,2.00
43.90,1.00
50.56,4.00
62.59,4.00
37.18,3.00
48.98,6.00
46.67,6.00
56.56,3.00
48.74,3.00
63.24,3.00
36.26,11.00
37.36,2.00
48.48,1.00
29.42,7.00
55.04,5.00
54.05,2.00
49.24,1.00
51.72,5.00
43.03,7.00
56.77,7.00
31.62,5.00
30.61,2.00
39.68,4.00
44.39,4.00
47.51,9.00
59.39,5.00
65.30,5.00
44.30,3.00
47.74,3.00
57.20,7.00
37.62,3.00
44.39,3.00
51.67,5.00
59.58,4.00
42.08,7.00
34.59,5.00
60.39,8.00
59.46,6.00
56.72,3.00
55.09,4.00
59.63,3.00
54.41,4.00
46.15,5.00
29.92,4.00
52.07,3.00
57.64,6.00
55.90,3.00
44.65,4.00
60.79,6.00
50.38,6.00
62.09,3.00
51.05,4.00
53.11,2.00
64.75,7.00
61.68,6.00
51.30,5.00
59.63,1.00
56.13,6.00
42.12,4.00
60.37,7.00
37.60,6.00
51.12,4.00
46.04,2.00
42.52,10.00
66.51,10.00
37.17,5.00
55.80,5.00
56.27,4.00
65.04,8.00
43.77,6.00
63.01,7.00
42.77,6.00
44.26,8.00
55.84,9.00
52.42,7.00
29.67,5.00
46.95,8.00
46.28,5.00
55.74,5.00
56.12,3.00
54.26,4.00
56.04,1.00
60.79,8.00
50.19,5.00
50.72,6.00
52.72,2.00
61.67,5.00
47.17,5.00
51.93,5.00
38.38,6.00
57.32,9.00
39.57,4.00
68.99,4.00
35.39,7.00
56.91,8.00
48.66,4.00
57.91,4.00
41.25,6.00
46.26,8.00
27.99,2.00
40.40,5.00
45.54,3.00
34.68,6.00
48.75,6.00
46.79,7.00
53.83,6.00
51.13,5.00
61.03,7.00
32.30,5.00
55.84,5.00
29.73,4.00
58.43,5.00
45.56,3.00
56.99,7.00
42.04,4.00
54.03,3.00
49.17,5.00
55.12,6.00
39.28,6.00
39.88,4.00
34.49,8.00
50.52,7.00
40.70,2.00
53.33,3.00
34.04,5.00
45.54,11.00
52.09,8.00
45.01,8.00
52.06,3.00
58.46,5.00
37.58,7.00
46.91,2.00
48.57,8.00
25.39,7.00
53.29,8.00
55.97,3.00
39.14,7.00
48.74,4.00
52.26,2.00
67.57,7.00
38.43,4.00
29.59,4.00
39.81,8.00
37.84,3.00
53.56,2.00
48.79,2.00
37.66,2.00
52.05,7.00
65.27,6.00
38.74,6.00
29.28,3.00
21.60,3.00
28.70,0.00
46.08,7.00
42.02,5.00
49.96,1.00
48.05,9.00
61.36,5.00
52.83,7.00
69.19,4.00
33.20,3.00
51.27,5.00
54.48,2.00
42.47,7.00
46.20,5.00
47.92,2.00
49.43,5.00
38.26,5.00
30.50,5.00
48.88,7.00
49.45,4.00
60.69,6.00
57.36,7.00
51.15,6.00
30.30,1.00
55.41,3.00
44.98,3.00
56.90,10.00
36.37,5.00
55.20,1.00
66.98,9.00
65.93,3.00
50.89,5.00
40.97,3.00
46.17,3.00
43.19,5.00
42.01,6.00
66.26,6.00
48.41,6.00
64.68,10.00
65.17,2.00
40.48,4.00
38.74,7.00
39.83,4.00
42.94,3.00
54.04,7.00
35.32,6.00
62.47,4.00
39.72,7.00
47.95,9.00
40.29,7.00
51.25,5.00
51.77,3.00
32.28,8.00
44.08,5.00
52.84,4.00
48.98,3.00
57.00,8.00
58.22,5.00
41.38,2.00
45.01,7.00
43.28,9.00
52.78,9.00
37.25,8.00
53.88,3.00
53.84,6.00
52.70,1.00
44.56,4.00
50.16,7.00
51.76,4.00
40.61,4.00
56.47,8.00
41.94,6.00
62.92,7.00
65.48,7.00
48.82,2.00
39.13,4.00
30.27,4.00
47.01,6.00
39.04,4.00
36.60,4.00
60.09,3.00
38.50,7.00
60.46,3.00
48.26,5.00
46.74,2.00
44.85,2.00
61.38,6.00
63.88,6.00
44.43,4.00
59.64,6.00
55.07,1.00
56.72,7.00
52.33,4.00
47.04,7.00
45.59,6.00
45.47,5.00
50.18,3.00
38.85,8.00
51.57,3.00
56.38,1.00
43.52,8.00
53.46,5.00
45.74,4.00
46.48,6.00
50.63,8.00
43.06,3.00
34.77,4.00
47.34,5.00
59.12,11.00
41.22,4.00
46.41,10.00
45.58,4.00
45.28,7.00
55.43,6.00
54.32,4.00
40.04,3.00
62.46,5.00
60.24,4.00
54.78,6.00
52.11,4.00
46.10,6.00
46.13,9.00
45.62,5.00
56.74,3.00
42.62,4.00
74.88,7.00
33.22,3.00
39.93,4.00
60.35,2.00
54.66,4.00
34.96,6.00
58.10,8.00
46.64,2.00
63.00,6.00
48.10,9.00
38.66,3.00
48.91,0.00
63.50,4.00
44.26,4.00
36.23,3.00
45.16,5.00
49.35,8.00
49.73,11.00
54.63,5.00
54.04,7.00
60.63,6.00
40.05,0.00
61.61,1.00
45.63,8.00
40.10,4.00
35.24,7.00
49.02,7.00
50.07,8.00
54.38,4.00
56.85,3.00
42.39,4.00
49.53,4.00
37.42,8.00
57.20,6.00
38.40,4.00
50.10,5.00
53.42,1.00
50.55,4.00
45.70,7.00
48.56,3.00
59.31,7.00
46.60,4.00
49.49,3.00
40.67,5.00
62.34,3.00
56.89,7.00
52.19,4.00
39.67,5.00
49.69,5.00
56.33,3.00
44.21,5.00
43.54,6.00
33.63,5.00
58.27,1.00
40.18,6.00
50.38,5.00
37.68,5.00
50.65,3.00
44.00,7.00
50.05,8.00
56.99,7.00
66.04,5.00
33.17,2.00
45.31,6.00
64.43,8.00
52.05,4.00
45.12,4.00
55.80,8.00
55.43,4.00
43.25,4.00
55.56,4.00
47.95,8.00
66.13,5.00
50.75,2.00
64.75,4.00
36.52,7.00
60.46,4.00
49.37,9.00
50.69,7.00
70.29,8.00
50.64,2.00
38.68,4.00
56.90,3.00
43.42,8.00
40.00,6.00
66.08,4.00
62.75,6.00
50.25,10.00
41.55,3.00
51.98,3.00
56.02,5.00
47.55,3.00
45.86,6.00
44.31,4.00
63.60,2.00
51.62,6.00
47.76,3.00
49.68,9.00
45.02,5.00
37.79,3.00
49.27,5.00
39.67,9.00
50.90,9.00
29.54,5.00
44.20,6.00
59.43,5.00
45.78,8.00
48.82,5.00
51.48,6.00
36.11,9.00
47.52,6.00
57.27,9.00
47.95,5.00
49.19,7.00
54.00,4.00
52.27,7.00
62.39,4.00
48.22,5.00
71.83,5.00
42.53,3.00
41.02,9.00
39.76,8.00
54.67,4.00
65.55,3.00
56.67,5.00
58.09,3.00
45.26,11.00
48.47,6.00
60.23,2.00
39.97,3.00
67.34,1.00
67.87,3.00
29.69,6.00
54.15,5.00
51.15,3.00
50.10,5.00
68.64,3.00
54.16,3.00
43.23,3.00
63.62,4.00
52.73,3.00
64.16,7.00
50.08,3.00
47.15,3.00
49.30,1.00
43.37,4.00
49.88,5.00
55.95,8.00
47.52,8.00
56.61,6.00
53.26,6.00
55.77,5.00
44.67,7.00
55.07,4.00
39.75,3.00
65.73,5.00
49.55,3.00
59.63,4.00
54.67,5.00
56.32,8.00
44.71,6.00
45.95,3.00
54.84,6.00
47.34,6.00
45.73,3.00
48.84,7.00
57.45,6.00
60.97,9.00
50.64,4.00
52.12,5.00
34.72,5.00
53.49,4.00
56.82,3.00
50.26,5.00
44.29,6.00
29.93,4.00
58.14,7.00
43.63,8.00
52.03,4.00
55.81,6.00
69.54,7.00
35.54,6.00
37.06,8.00
44.46,4.00
53.36,11.00
54.10,8.00
41.54,8.00
37.17,2.00
48.39,5.00
51.92,7.00
60.39,7.00
40.03,4.00
32.36,5.00
65.55,2.00
58.83,3.00
59.37,6.00
74.91,5.00
51.97,5.00
35.67,5.00
41.93,4.00
48.01,6.00
29.85,6.00
57.22,7.00
52.76,4.00
71.84,3.00
57.11,5.00
45.24,3.00
65.49,6.00
58.16,9.00
30.44,3.00
58.54,7.00
55.85,5.00
54.94,7.00
66.46,6.00
44.42,6.00
63.96,5.00
44.38,5.00
67.31,5.00
54.63,2.00
50.98,0.00
66.80,6.00
52.43,6.00
39.40,8.00
50.63,3.00
49.28,6.00
72.16,5.00
36.74,7.00
52.48,8.00
59.95,7.00
65.88,8.00
49.83,9.00
60.85,5.00
59.70,10.00
66.76,2.00
50.68,4.00
44.67,5.00
53.88,4.00
48.34,4.00
46.08,3.00
58.53,8.00
53.43,6.00
51.34,8.00
74.11,6.00
55.79,5.00
71.30,8.00
59.34,9.00
73.13,3.00
38.97,4.00
31.88,7.00
26.14,5.00
35.39,8.00
60.21,6.00
49.17,0.00
35.29,3.00
51.57,5.00
56.01,4.00
59.08,5.00
56.78,6.00
56.02,5.00
31.30,5.00
56.10,9.00
60.55,7.00
64.60,3.00
32.09,6.00
52.49,6.00
61.01,7.00
57.26,6.00
34.42,6.00
44.44,7.00
45.53,5.00
44.78,6.00
31.13,6.00
39.02,4.00
53.34,2.00
51.01,5.00
48.81,6.00
50.16,4.00
66.56,4.00
51.05,4.00
51.44,5.00
49.22,5.00
44.82,7.00
55.23,8.00
45.51,3.00
44.53,4.00
25.90,3.00
61.28,6.00
30.89,5.00
41.60,6.00
69.79,6.00
47.48,3.00
50.64,3.00
62.55,3.00
40.97,6.00
64.38,6.00
72.33,5.00
57.80,8.00
60.30,7.00
45.25,8.00
61.46,6.00
50.14,3.00
51.31,2.00
41.42,6.00
33.65,8.00
37.09,7.00
35.76,7.00
54.80,6.00
41.47,6.00
43.54,4.00
42.72,3.00
56.12,2.00
51.91,6.00
39.26,7.00
50.81,5.00
53.00,5.00
43.65,8.00
58.17,5.00
58.88,5.00
49.90,6.00
49.94,3.00
63.02,3.00
41.73,4.00
58.95,2.00
52.33,6.00
49.25,7.00
71.63,6.00
53.34,8.00
40.49,5.00
35.32,2.00
41.45,3.00
61.34,5.00
43.15,8.00
42.32,5.00
30.44,4.00
56.59,6.00
45.05,4.00
47.22,7.00
34.87,4.00
47.16,4.00
44.75,3.00
41.62,9.00
47.67,4.00
51.09,7.00
54.14,8.00
74.51,5.00
51.47,7.00
29.96,6.00
35.52,6.00
51.63,7.00
31.73,8.00
65.39,5.00
41.39,10.00
43.95,5.00
54.48,8.00
58.12,8.00
53.04,4.00
43.05,4.00
56.28,7.00
42.21,8.00
35.47,3.00
42.97,8.00
70.30,2.00
41.82,3.00
63.43,10.00
45.45,3.00
56.25,6.00
41.64,1.00
49.85,5.00
44.93,5.00
45.35,6.00
66.26,3.00
56.11,1.00
40.37,4.00
27.14,4.00
46.89,6.00
52.27,1.00
40.92,6.00
58.37,2.00
32.08,4.00
50.93,6.00
67.87,2.00
59.36,7.00
47.05,5.00
59.87,4.00
32.52,10.00
43.65,2.00
49.98,4.00
61.27,6.00
40.50,4.00
62.04,5.00
50.56,3.00
31.40,7.00
41.91,6.00
38.34,4.00
42.44,3.00
45.94,6.00
60.70,3.00
55.02,3.00
50.91,5.00
54.92,2.00
65.84,6.00
55.84,4.00
51.61,2.00
45.94,3.00
31.39,5.00
41.02,7.00
34.61,6.00
34.00,6.00
34.34,0.00
53.94,4.00
53.75,3.00
69.02,5.00
60.75,5.00
50.41,3.00
49.24,5.00
65.23,5.00
44.80,7.00
48.77,6.00
48.43,3.00
56.71,8.00
53.06,5.00
26.95,8.00
46.54,4.00
43.23,4.00
59.07,1.00
35.88,4.00
49.41,7.00
45.00,7.00
58.96,6.00
60.01,6.00
43.02,7.00
43.20,7.00
62.91,7.00
39.21,6.00
40.92,7.00
41.31,5.00
69.15,3.00
69.44,8.00
48.14,3.00
53.95,3.00
62.97,2.00
74.19,9.00
51.73,3.00
28.32,3.00
46.75,4.00
47.98,8.00
43.98,4.00
41.47,6.00
77.94,8.00
53.72,6.00
60.71,6.00
52.30,4.00
56.09,6.00
25.69,8.00
45.30,5.00
58.88,6.00
59.43,6.00
57.76,5.00
47.29,3.00
28.69,6.00
42.88,5.00
57.96,2.00
46.72,3.00
60.59,8.00
36.03,6.00
64.94,1.00
53.90,4.00
49.08,5.00
38.58,3.00
38.13,4.00
46.65,3.00
46.88,6.00
49.90,4.00
48.73,8.00
31.88,6.00
62.58,5.00
61.60,3.00
52.03,4.00
28.98,5.00
64.43,3.00
48.26,3.00
53.25,3.00
45.32,4.00
49.93,11.00
50.28,6.00
48.58,8.00
67.82,6.00
59.91,6.00
64.55,7.00
58.33,3.00
32.88,6.00
57.98,6.00
52.67,6.00
51.51,5.00
54.46,3.00
69.63,5.00
49.92,2.00
48.66,6.00
38.60,2.00
39.93,5.00
66.74,6.00
40.44,6.00
52.86,5.00
39.75,8.00
61.33,1.00
57.20,2.00
65.91,3.00
40.00,9.00
49.98,4.00
66.00,3.00
52.84,4.00
59.60,5.00
48.82,6.00
41.85,6.00
53.52,9.00
47.65,6.00
56.01,6.00
46.18,1.00
64.80,8.00
69.64,8.00
56.23,2.00
34.12,4.00
61.80,1.00
31.13,4.00
73.18,8.00
55.61,6.00
51.84,2.00
59.76,4.00
54.84,7.00
36.31,6.00
29.94,4.00
49.01,4.00
47.93,5.00
54.86,4.00
34.30,8.00
53.10,4.00
41.62,4.00
67.55,9.00
60.29,6.00
60.44,3.00
30.15,6.00
48.98,7.00
45.56,4.00
46.39,7.00
54.84,3.00
45.67,7.00
47.00,5.00
40.99,7.00
50.64,5.00
53.24,3.00
61.45,9.00
48.35,3.00
33.51,4.00
47.64,5.00
31.37,5.00
41.53,5.00
56.07,6.00
54.43,4.00
65.17,4.00
50.66,6.00
56.41,7.00
49.76,5.00
44.00,4.00
55.67,2.00
53.45,5.00
48.64,6.00
39.16,5.00
43.46,6.00
48.79,5.00
51.70,5.00
34.76,5.00
41.93,6.00
64.32,4.00
45.64,6.00
49.30,5.00
41.50,4.00
54.82,5.00
48.47,4.00
43.07,1.00
64.36,6.00
66.90,5.00
60.90,6.00
42.60,5.00
60.85,5.00
66.57,2.00
53.67,6.00
65.02,11.00
43.18,4.00
52.00,3.00
54.10,4.00
47.57,6.00
49.57,5.00
44.84,7.00
55.73,1.00
37.30,5.00
55.44,5.00
47.04,4.00
51.36,9.00
70.59,2.00
56.02,6.00
46.99,7.00
53.64,3.00
39.17,4.00
39.19,8.00
52.80,7.00
55.62,3.00
43.95,3.00
39.31,6.00
42.46,5.00
47.59,4.00
40.71,5.00
31.62,2.00
31.14,9.00
39.21,6.00
50.70,7.00
47.91,4.00
54.47,4.00
47.52,2.00
65.20,7.00
59.48,4.00
62.58,5.00
50.47,6.00
53.41,3.00
83.42,5.00
58.78,3.00
41.65,7.00
53.00,3.00
56.12,0.00
37.54,5.00
46.08,7.00
34.55,7.00
46.45,4.00
66.17,6.00
44.10,2.00
56.24,5.00
53.48,5.00
70.32,4.00
46.94,6.00
36.98,6.00
49.30,3.00
27.04,6.00
45.28,6.00
50.03,2.00
68.13,2.00
26.78,2.00
58.24,5.00
46.98,6.00
34.04,9.00
53.49,4.00
44.63,2.00
51.27,6.00
62.51,4.00
42.25,5.00
39.53,6.00
46.59,4.00
27.80,6.00
52.12,7.00
49.26,7.00
55.56,5.00
40.53,4.00
53.96,1.00
44.44,7.00
61.23,3.00
32.67,3.00
36.99,3.00
49.41,4.00
57.89,6.00
50.86,5.00
57.64,8.00
51.43,5.00
37.73,3.00
58.56,3.00
45.26,4.00
37.10,6.00
44.41,3.00
50.62,7.00
55.14,1.00
39.01,5.00
52.11,7.00
64.48,5.00
48.69,6.00
57.18,5.00
59.04,6.00
48.86,7.00
59.12,7.00
45.86,7.00
60.78,0.00
56.91,5.00
34.95,0.00
47.84,4.00
48.14,2.00
44.89,1.00
65.76,9.00
41.39,8.00
66.81,5.00
58.92,3.00
46.72,7.00
44.12,2.00
53.59,2.00
60.90,5.00
38.06,7.00
64.21,7.00
56.61,8.00
48.03,5.00
48.63,4.00
46.73,5.00
51.97,5.00
60.65,5.00
54.41,6.00
65.88,5.00
38.04,4.00
26.27,4.00
60.05,6.00
50.65,4.00
50.07,4.00
44.68,1.00
69.88,7.00
48.53,6.00
61.06,8.00
54.40,4.00
65.32,3.00
48.91,2.00
47.33,3.00
49.70,3.00
35.97,7.00
55.46,5.00
49.48,4.00
45.89,8.00
45.69,3.00
70.45,6.00
58.45,6.00
65.42,6.00
38.21,5.00
42.86,4.00
44.62,2.00
58.27,6.00
34.84,8.00
56.96,7.00
58.07,11.00
51.52,8.00
36.76,7.00
51.86,4.00
57.16,4.00
48.67,3.00
59.00,4.00
54.36,2.00
41.52,4.00
46.37,5.00
51.91,6.00
65.60,6.00
61.92,4.00
40.24,5.00
65.11,5.00
26.30,7.00
41.87,6.00
51.60,6.00
43.69,4.00
63.90,7.00
72.04,3.00
50.67,4.00
57.78,1.00
69.93,3.00
56.26,6.00
44.91,7.00
52.01,7.00
41.83,5.00
49.27,5.00
40.09,5.00
75.09,5.00
44.64,4.00
41.63,6.00
54.41,5.00
27.46,5.00
52.21,5.00
74.91,4.00
25.48,5.00
52.75,4.00
45.21,7.00
49.97,6.00
55.33,5.00
30.34,6.00
53.01,4.00
58.27,6.00
41.23,6.00
46.10,4.00
60.10,5.00
51.02,7.00
52.59,4.00
43.26,2.00
50.62,8.00
46.51,8.00
49.64,5.00
50.67,4.00
65.59,9.00
45.58,7.00
55.72,5.00
44.47,4.00
55.88,5.00
47.40,6.00
64.15,8.00
61.37,1.00
35.09,4.00
47.59,5.00
53.96,4.00
63.61,5.00
45.05,4.00
43.89,5.00
57.82,7.00
50.96,3.00
42.94,5.00
67.08,1.00
49.88,6.00
37.35,5.00
53.29,6.00
37.04,5.00
50.28,4.00
50.96,6.00
46.38,6.00
34.79,4.00
38.92,7.00
46.54,4.00
62.24,10.00
50.96,1.00
53.23,6.00
53.89,2.00
74.41,5.00
50.85,5.00
62.67,1.00
36.33,8.00
50.48,8.00
43.32,4.00
50.78,2.00
49.62,4.00
52.60,4.00
45.29,9.00
64.98,3.00
41.82,4.00
55.30,4.00
52.57,7.00
51.53,2.00
46.71,4.00
52.30,3.00
43.69,6.00
29.70,6.00
53.59,5.00
48.51,8.00
29.01,3.00
56.14,9.00
56.83,5.00
59.93,7.00
52.72,4.00
59.63,3.00
32.63,4.00
26.62,5.00
66.95,5.00
35.24,2.00
66.96,4.00
54.87,6.00
70.04,1.00
45.11,6.00
44.77,2.00
75.68,7.00
53.45,5.00
55.01,6.00
34.24,4.00
52.42,5.00
37.00,5.00
49.14,6.00
49.35,6.00
32.54,8.00
52.15,4.00
47.49,5.00
54.50,5.00
31.58,6.00
59.91,7.00
34.02,6.00
57.14,2.00
38.27,8.00
33.56,7.00
57.74,4.00
51.29,5.00
51.87,4.00
41.31,5.00
16.39,8.00
56.55,5.00
41.00,6.00
31.72,2.00
63.75,4.00
67.15,7.00
33.66,8.00
40.32,6.00
52.41,3.00
56.56,4.00
50.32,5.00
50.72,5.00
25.17,6.00
45.32,6.00
45.15,7.00
38.63,4.00
63.43,4.00
32.45,6.00
34.68,7.00
49.89,2.00
66.63,9.00
34.11,5.00
56.86,4.00
46.14,5.00
69.49,1.00
67.46,4.00
37.83,7.00
52.81,5.00
35.42,3.00
48.84,4.00
58.43,2.00
37.76,5.00
29.88,4.00
49.48,2.00
36.84,5.00
53.50,5.00
48.95,2.00
51.91,6.00
72.14,6.00
51.91,6.00
32.58,6.00
52.68,3.00
58.94,5.00
63.95,3.00
36.88,5.00
57.25,3.00
44.51,6.00
58.40,7.00
38.40,4.00
44.95,5.00
47.87,4.00
35.83,6.00
24.58,4.00
48.71,5.00
56.67,3.00
48.72,6.00
47.60,1.00
55.05,6.00
62.81,6.00
50.86,4.00
51.63,4.00
27.83,5.00
50.40,7.00
53.69,5.00
48.17,4.00
38.25,6.00
54.66,3.00
42.41,7.00
52.04,1.00
67.41,4.00
50.71,7.00
48.45,6.00
58.03,4.00
64.12,4.00
41.60,7.00
42.32,6.00
69.72,4.00
60.39,7.00
57.86,6.00
58.88,6.00
54.94,7.00
48.64,4.00
69.66,4.00
55.40,9.00
42.27,4.00
58.67,1.00
58.64,1.00
49.85,8.00
37.14,2.00
33.95,5.00
40.72,6.00
56.34,6.00
72.41,7.00
48.52,7.00
68.60,4.00
61.86,7.00
52.59,5.00
50.94,6.00
58.56,7.00
62.48,7.00
27.48,5.00
37.26,1.00
70.30,3.00
42.54,5.00
54.23,5.00
52.43,11.00
54.87,4.00
33.42,4.00
67.51,7.00
52.69,1.00
55.16,7.00
52.11,4.00
54.27,6.00
56.07,5.00
46.64,5.00
39.64,4.00
43.58,7.00
54.64,5.00
39.87,4.00
52.70,7.00
45.53,4.00
50.34,6.00
53.39,4.00
44.50,8.00
62.60,6.00
53.76,4.00
54.10,7.00
56.20,6.00
49.33,7.00
72.90,7.00
45.83,2.00
57.25,0.00
66.67,5.00
34.86,3.00
51.34,6.00
49.93,5.00
49.43,7.00
49.56,4.00
64.63,8.00
68.18,5.00
56.45,6.00
35.82,5.00
51.35,6.00
48.34,5.00
45.94,6.00
42.37,5.00
60.81,6.00
36.82,5.00
47.77,6.00
59.02,3.00
60.99,4.00
63.68,4.00
40.54,5.00
47.81,6.00
49.72,4.00
58.11,7.00
60.73,5.00
47.39,7.00
63.15,0.00
71.55,4.00
55.78,7.00
44.77,3.00
36.18,5.00
55.18,5.00
67.74,1.00
59.16,8.00
55.51,8.00
40.01,1.00
49.71,6.00
56.49,4.00
55.05,7.00
57.91,7.00
50.49,3.00
56.18,6.00
51.35,2.00
48.29,5.00
30.16,5.00
57.01,7.00
42.90,6.00
64.85,6.00
61.21,7.00
31.60,5.00
43.61,3.00
35.60,1.00
55.47,9.00
37.15,7.00
48.09,5.00
49.65,11.00
31.25,4.00
54.00,6.00
47.68,4.00
48.19,6.00
37.64,7.00
63.66,1.00
34.94,5.00
34.41,4.00
47.46,2.00
60.78,6.00
55.58,4.00
44.49,4.00
36.07,5.00
49.26,7.00
64.90,6.00
53.25,3.00
54.25,7.00
48.47,3.00
50.56,5.00
45.67,7.00
59.67,3.00
47.77,5.00
51.20,9.00
52.57,5.00
56.52,7.00
63.71,6.00
63.72,8.00
65.08,3.00
48.42,5.00
41.08,2.00
46.20,5.00
47.74,7.00
50.78,5.00
62.30,5.00
38.42,2.00
51.55,6.00
41.31,6.00
57.20,5.00
51.97,7.00
34.74,4.00
62.81,4.00
55.97,4.00
54.99,6.00
58.13,4.00
66.86,6.00
45.03,11.00
53.54,7.00
23.20,8.00
64.13,6.00
53.11,3.00
62.58,8.00
57.68,2.00
29.13,5.00
58.83,5.00
44.83,7.00
40.46,7.00
58.92,4.00
56.04,6.00
41.14,6.00
48.35,7.00
56.17,1.00
47.57,5.00
44.22,5.00
52.85,4.00
41.15,7.00
47.82,4.00
66.89,3.00
43.25,7.00
74.47,5.00
47.43,2.00
49.34,3.00
56.37,3.00
50.64,4.00
60.36,5.00
45.74,5.00
60.32,5.00
59.08,5.00
40.87,5.00
63.55,1.00
54.65,4.00
53.47,4.00
41.70,5.00
55.76,7.00
53.33,5.00
49.58,4.00
40.90,5.00
54.32,5.00
52.11,11.00
54.34,3.00
41.75,5.00
49.19,5.00
46.80,6.00
30.97,8.00
42.42,4.00
30.31,6.00
32.95,10.00
58.13,6.00
64.32,3.00
39.93,4.00
40.63,3.00
48.81,6.00
40.34,2.00
54.29,9.00
47.92,7.00
55.11,6.00
58.93,6.00
34.04,6.00
50.30,8.00
51.38,4.00
42.02,1.00
39.33,6.00
49.76,7.00
46.96,1.00
58.61,5.00
32.53,4.00
38.94,8.00
46.81,9.00
50.56,5.00
37.57,6.00
49.86,5.00
53.57,4.00
35.15,5.00
36.91,6.00
60.04,5.00
41.25,3.00
49.53,7.00
44.54,7.00
53.61,3.00
62.81,7.00
49.22,8.00
52.34,7.00
55.11,3.00
50.03,9.00
54.39,3.00
47.56,5.00
39.39,8.00
46.85,7.00
37.68,7.00
50.56,5.00
179.22,95.00
192.34,69.00
140.25,92.00
184.28,70.00
200.58,50.00
197.99,95.00
199.81,32.00
168.45,70.00
197.87,74.00
172.08,87.00
164.31,45.00
162.56,56.00
165.20,74.00
211.36,5.00
157.51,59.00
208.47,26.00
180.95,85.00
167.83,70.00
144.23,49.00
163.82,79.00
186.28,4.00
182.21,72.00
149.08,78.00
171.83,50.00
212.80,51.00
185.30,49.00
170.11,49.00
175.82,80.00
234.52,88.00
164.03,86.00
200.77,79.00
168.47,56.00
184.79,89.00
158.61,71.00
192.11,68.00
176.49,82.00
190.97,76.00
175.93,53.00
157.99,44.00
197.56,57.00
140.32,56.00
162.56,23.00
181.12,58.00
197.26,76.00
156.85,58.00
164.13,99.00
187.37,86.00
174.32,28.00
145.21,96.00
178.05,29.00
183.70,74.00
121.07,57.00
171.16,51.00
148.00,66.00
162.93,75.00
163.17,91.00
184.96,65.00
178.28,71.00
190.13,52.00
167.55,70.00
176.01,70.00
157.02,21.00
173.72,84.00
224.47,52.00
219.46,75.00
156.79,46.00
193.01,43.00
191.20,70.00
183.98,61.00
181.04,58.00
192.37,99.00
185.03,41.00
202.94,80.00
178.47,99.00
213.93,47.00
188.36,63.00
164.08,71.00
173.91,75.00
175.29,34.00
208.65,45.00
212.49,25.00
183.78,56.00
162.30,74.00
164.83,53.00
172.53,76.00
179.26,79.00
187.12,99.00
191.47,93.00
202.02,38.00
188.06,75.00
201.54,90.00
165.23,57.00
183.92,29.00
166.22,77.00
167.75,41.00
219.54,39.00
209.43,64.00
145.28,91.00
185.50,67.00
168.77,55.00
174.41,36.00
169.45,67.00
159.20,46.00
184.76,56.00
228.21,61.00
151.81,67.00
158.47,100.00
186.03,65.00
169.85,99.00
154.52,51.00
198.30,99.00
149.71,78.00
182.53,99.00
204.62,38.00
224.94,27.00
177.20,87.00
182.40,83.00
189.88,97.00
214.17,73.00
159.80,58.00
150.80,8.00
149.55,7.00
154.72,19.00
188.10,15.00
151.59,4.00
209.27,11.00
184.26,7.00
184.77,15.00
168.27,14.00
178.52,17.00
190.16,12.00
176.30,18.00
195.01,10.00
176.10,5.00
186.40,19.00
158.63,13.00
190.10,6.00
198.10,3.00
165.93,1.00
162.35,13.00
203.98,11.00
177.21,16.00
192.25,12.00
164.47,7.00
210.88,12.00
171.76,12.00
180.06,8.00
166.36,1.00
203.85,12.00
200.37,1.00
149.51,10.00
180.26,15.00
203.91,12.00
203.13,11.00
139.35,6.00
158.88,20.00
194.37,15.00
170.38,16.00
179.61,15.00
221.45,3.00
181.05,4.00
179.97,0.00
192.78,7.00
174.71,9.00
168.64,5.00
156.17,17.00
186.51,15.00
173.21,14.00
166.02,12.00
159.14,8.00
207.13,13.00
183.67,14.00
171.29,14.00
200.64,10.00
179.25,12.00
177.43,10.00
180.80,9.00
166.45,17.00
156.41,10.00
172.50,5.00
158.02,8.00
179.76,8.00
163.26,13.00
177.75,12.00
184.44,5.00
187.98,15.00
146.80,18.00
196.90,1.00
171.24,1.00
220.23,2.00
200.41,7.00
207.52,10.00
183.10,14.00
175.04,10.00
173.26,19.00
159.70,11.00
175.37,18.00
198.44,3.00
168.76,5.00
165.87,3.00
145.73,9.00
179.68,0.00
184.94,11.00
227.52,7.00
149.36,9.00
182.32,15.00
200.60,18.00
183.21,13.00
195.43,9.00
185.17,4.00
179.33,5.00
196.17,12.00
183.14,9.00
156.71,17.00
174.79,10.00
174.48,4.00
220.39,7.00
189.07,4.00
152.64,16.00
185.33,8.00
176.88,7.00
171.65,15.00
166.33,8.00
163.94,0.00
192.77,14.00
206.13,9.00
173.20,16.00
171.41,12.00
202.04,7.00
168.84,7.00
178.48,7.00
188.51,13.00
187.13,19.00
192.89,15.00
163.50,9.00
174.78,14.00
182.67,9.00
193.88,9.00
147.55,12.00
182.63,12.00
169.78,15.00
225.68,2.00
206.08,15.00
154.75,13.00
165.07,8.00
197.07,14.00
183.97,11.00
165.07,4.00
213.82,7.00
155.84,13.00
188.57,9.00
199.02,9.00
189.61,16.00
178.34,9.00
187.46,7.00
193.30,7.00
169.02,4.00
165.71,6.00
169.48,1.00
174.91,12.00
171.99,13.00
179.52,8.00
172.02,14.00
161.32,9.00
164.26,11.00
206.47,21.00
158.71,9.00
207.08,4.00
177.63,7.00
193.40,12.00
190.06,19.00
171.15,5.00
198.13,16.00
160.23,4.00
167.46,14.00
195.66,4.00
175.16,13.00
194.29,10.00
188.86,6.00
182.61,10.00
180.45,4.00
191.98,10.00
184.19,14.00
211.80,9.00
199.29,21.00
201.79,1.00
187.37,14.00
215.94,8.00
182.43,9.00
210.69,2.00
212.54,13.00
205.43,7.00
185.52,16.00
188.19,3.00
179.74,11.00
217.21,8.00
170.23,13.00
180.18,11.00
191.03,1.00
199.33,9.00
206.15,14.00
170.85,16.00
137.67,4.00
197.27,14.00
148.83,1.00
181.67,8.00
166.10,18.00
185.73,3.00
184.66,8.00
175.80,7.00
189.20,4.00
205.78,9.00
156.87,16.00
185.54,8.00
186.14,11.00
183.30,16.00
190.39,13.00
166.15,11.00
162.71,10.00
189.62,8.00
212.42,7.00
186.30,9.00
152.55,17.00
174.29,10.00
146.35,16.00
134.81,20.00
191.22,8.00
187.70,17.00
219.29,17.00
206.59,10.00
218.79,8.00
171.70,14.00
168.33,10.00
160.71,11.00
217.76,4.00
140.49,7.00
170.73,11.00
196.13,17.00
170.58,22.00
160.52,19.00
181.77,18.00
195.70,12.00
159.86,9.00
162.96,22.00
177.53,4.00
179.40,2.00
156.38,6.00
196.12,8.00
204.96,7.00
184.10,19.00
186.88,9.00
193.86,6.00
171.51,8.00
169.25,9.00
155.86,6.00
176.54,3.00
168.36,13.00
149.91,5.00
189.38,6.00
194.15,12.00
186.47,10.00
185.50,13.00
186.69,15.00
179.23,6.00
158.05,8.00
189.13,6.00
181.82,6.00
150.31,14.00
177.95,8.00
160.49,6.00
184.62,6.00
197.02,8.00
184.32,11.00
195.47,14.00
191.27,8.00
208.19,17.00
178.37,6.00
169.24,4.00
166.62,14.00
189.78,17.00
145.39,15.00
164.47,10.00
163.39,6.00
159.11,15.00
169.56,17.00
188.25,18.00
184.12,7.00
199.37,7.00
175.81,8.00
175.06,9.00
190.85,9.00
188.89,1.00
192.77,14.00
179.24,7.00
170.86,7.00
171.29,19.00
168.90,5.00
161.76,5.00
169.54,12.00
173.72,10.00
180.98,8.00
181.89,17.00
172.85,13.00
244.79,9.00
176.79,8.00
148.44,7.00
216.66,9.00
161.14,10.00
183.38,3.00
175.29,11.00
167.02,10.00
234.09,7.00
168.98,14.00
242.37,15.00
160.78,11.00
190.56,11.00
195.33,14.00
196.23,4.00
209.76,15.00
172.78,5.00
201.99,15.00
162.56,13.00
191.81,7.00
170.72,1.00
189.45,21.00
189.77,16.00
201.69,14.00
191.59,12.00
154.93,14.00
149.19,16.00
165.07,12.00
156.57,7.00
162.34,9.00
177.82,12.00
205.07,15.00
155.83,10.00
181.53,13.00
195.87,3.00
170.30,6.00
167.89,15.00
187.17,7.00
153.81,18.00
164.53,7.00
174.81,13.00
152.10,10.00
157.26,18.00
203.03,10.00
172.78,8.00
164.95,11.00
182.99,5.00
170.90,0.00
150.57,15.00
187.45,4.00
135.98,14.00
187.55,5.00
241.71,22.00
168.04,12.00
156.01,14.00
189.75,9.00
178.42,3.00
211.26,6.00
171.70,12.00
145.07,6.00
194.55,6.00
157.26,10.00
153.34,9.00
193.78,6.00
200.72,20.00
193.21,14.00
176.23,16.00
172.11,12.00
193.31,8.00
174.30,12.00
164.40,10.00
162.68,5.00
173.55,3.00
172.15,8.00
202.84,17.00
197.95,10.00
167.21,5.00
136.52,13.00
199.92,0.00
152.09,24.00
170.87,15.00
137.16,16.00
164.38,8.00
212.41,12.00
163.36,15.00
158.31,4.00
162.26,14.00
211.99,6.00
160.26,20.00
228.96,13.00
182.69,11.00
162.80,11.00
193.58,16.00
161.26,10.00
201.12,19.00
181.35,13.00
168.64,9.00
175.58,9.00
160.20,9.00
192.22,6.00
197.60,10.00
189.82,7.00
205.80,13.00
193.33,12.00
132.03,15.00
190.33,14.00
173.90,11.00
179.11,6.00
209.64,7.00
161.90,15.00
166.62,9.00
161.64,10.00
162.90,10.00
178.88,10.00
171.97,12.00
179.56,17.00
188.59,16.00
151.09,13.00
194.87,8.00
200.21,5.00
196.39,6.00
193.05,11.00
183.61,6.00
166.80,8.00
190.45,14.00
184.29,7.00
197.44,15.00
170.72,7.00
168.56,5.00
168.22,9.00
165.22,16.00
143.37,10.00
224.24,16.00
173.49,8.00
190.04,16.00
178.39,11.00
194.68,2.00
170.72,1.00
181.64,17.00
207.34,9.00
189.85,9.00
142.83,5.00
168.14,1.00
161.94,9.00
151.65,1.00
177.29,10.00
173.02,3.00
182.60,10.00
208.78,11.00
160.50,14.00
170.45,1.00
164.37,7.00
180.10,14.00
192.31,12.00
167.88,6.00
231.57,13.00
189.68,10.00
192.61,10.00
218.21,11.00
168.88,14.00
150.00,8.00
178.17,10.00
190.84,1.00
211.34,15.00
161.98,9.00
208.42,7.00
185.70,17.00
165.15,9.00
166.68,14.00
213.12,3.00
217.91,3.00
159.47,22.00
176.44,5.00
173.35,6.00
194.10,4.00
176.01,16.00
193.08,9.00
180.84,21.00
191.52,9.00
141.96,15.00
154.33,3.00
185.15,10.00
185.38,7.00
208.96,18.00
176.97,4.00
162.58,1.00
184.14,9.00
154.74,1.00
180.91,11.00
184.74,1.00
186.24,4.00
181.30,11.00
180.36,13.00
163.72,6.00
177.04,6.00
154.59,19.00
196.37,17.00
219.84,15.00
189.97,3.00
168.09,5.00
190.94,20.00
192.12,16.00
218.67,1.00
188.26,14.00
200.32,9.00
188.22,12.00
207.01,18.00
173.38,11.00
161.51,5.00
169.75,5.00
169.66,11.00
150.46,14.00
176.96,23.00
200.62,8.00
197.08,14.00
196.95,11.00
116.58,4.00
174.58,5.00
187.16,11.00
184.46,4.00
170.72,15.00
168.24,10.00
187.67,17.00
218.58,9.00
155.02,9.00
153.84,9.00
180.65,16.00
168.76,7.00
153.50,1.00
159.53,15.00
207.44,13.00
229.30,15.00
180.60,13.00
165.09,4.00
205.40,11.00
171.19,10.00
188.24,3.00
189.25,7.00
160.94,13.00
185.58,3.00
171.79,6.00
179.70,9.00
193.68,8.00
195.95,4.00
169.72,6.00
207.05,13.00
205.62,11.00
166.64,11.00
168.34,9.00
185.50,13.00
191.31,7.00
140.59,3.00
188.61,9.00
167.46,11.00
186.26,4.00
188.34,18.00
157.73,12.00
175.69,16.00
134.54,10.00
190.28,10.00
168.01,3.00
188.49,11.00
164.43,12.00
186.42,14.00
201.97,17.00
201.38,1.00
196.34,9.00
171.64,16.00
183.96,6.00
192.31,8.00
180.63,12.00
194.13,11.00
175.76,5.00
163.89,8.00
164.29,12.00
170.90,15.00
166.87,15.00
164.77,6.00
184.45,12.00
191.82,7.00
183.61,14.00
171.42,4.00
186.55,8.00
200.37,6.00
166.72,9.00
192.38,10.00
151.88,4.00
196.56,1.00
172.43,11.00
169.64,9.00
177.33,1.00
156.76,15.00
165.76,5.00
176.43,11.00
159.11,16.00
186.67,15.00
169.32,10.00
177.78,11.00
180.73,1.00
202.18,1.00
159.31,10.00
166.80,10.00
177.09,7.00
170.60,3.00
190.14,13.00
201.05,9.00
174.91,14.00
168.01,15.00
152.99,6.00
145.17,15.00
174.44,9.00
181.52,14.00
185.27,9.00
176.37,11.00
159.92,15.00
150.21,1.00
152.60,15.00
197.71,9.00
174.78,4.00
156.20,4.00
174.50,6.00
210.40,10.00
200.05,9.00
164.96,5.00
176.50,11.00
192.86,21.00
188.22,8.00
178.57,17.00
203.38,8.00
192.32,14.00
176.15,9.00
156.61,20.00
176.51,14.00
190.66,7.00
154.62,5.00
162.97,15.00
207.96,7.00
176.65,11.00
164.56,0.00
203.41,7.00
182.19,15.00
201.68,16.00
135.38,8.00
153.45,1.00
182.71,11.00
177.44,4.00
208.52,5.00
175.58,11.00
161.60,6.00
168.09,12.00
168.77,10.00
158.86,14.00
182.16,6.00
199.42,8.00
172.99,10.00
182.44,10.00
166.96,8.00
153.58,12.00
185.68,18.00
214.80,20.00
185.39,20.00
169.35,19.00
181.75,10.00
159.89,17.00
196.52,12.00
169.65,14.00
192.21,8.00
180.29,20.00
222.08,11.00
165.10,13.00
212.75,9.00
170.64,13.00
196.20,14.00
189.99,12.00
208.96,10.00
219.39,1.00
188.25,10.00
187.13,12.00
187.28,8.00
192.74,13.00
211.20,8.00
189.88,9.00
165.58,6.00
191.88,7.00
194.22,12.00
167.22,2.00
185.37,14.00
203.80,22.00
167.05,10.00
177.48,19.00
170.22,16.00
209.76,18.00
160.04,10.00
176.17,5.00
170.91,12.00
176.14,5.00
168.03,9.00